5341.88
5159.63
4779.22
4215.24
3490.21
2632.36
1673.87
650.895
-396.835
-1428.27
-2403.92
-3287.15
-4044.26
-4645.47
-5067.19
-5293.73
-5317.09
-5136.19
-4757.23
-4194.7
-3470.92
-2614.07
-1656.58
-634.679
412.065
1442.77
2417.82
3300.41
4056.83
4657.49
5078.87
5305.09
5328.01
5146.66
4767.4
4204.66
3480.59
2623.32
1665.43
643.243
-403.789
-1434.92
-2410.5
-3293.53
-4050.31
-4651.4
-5073.32
-5300.08
-5323.42
-5142.43
-4763.6
-4201.35
-3477.65
-2620.62
-1662.94
-641.031
405.758
1436.79
2412.38
3295.39
4052.11
4653.2
5075.25
5302.16
5325.57
5144.61
4765.88
4203.78
3480.17
2623.13
1665.41
643.498
-403.299
-1434.45
-2410.23
-3293.43
-4050.31
-4651.59
-5073.92
-5301.13
-5324.79
-5144.03
-4765.53
-4203.7
-3480.31
-2623.38
-1665.74
-643.931
402.783
1433.94
2409.82
3293.12
4050.08
4651.48
5074
5301.44
5325.28
5144.66
7797.17
12442.2
14963.3
15347.3
14318.9
12898.1
11834.8
11229.6
10534
8911.47
5751.24
1048.74
-4544.71
-10018.9
-14477.3
-17527.3
-19388.7
-20675
-21984.3
-23528.1
-24996.1
-25721
-25043.1
-22670
-18841.1
-14215.5
-9553.71
-5371.63
-1748.95
1614.6
5139.61
9054.44
13202.7
17070.7
20014.1
21555.1
21592
20412.8
18516.7
16346.3
14078.9
11582.6
8553.6
4750.8
195.015
-4774
-9610.4
-13780.2
-16966.6
-19156.2
-20568.9
-21477.5
-22020.7
-22111.4
-21484.9
-19857.1
-17101.2
-13347.9
-8956.86
-4379.35
13.9496
4047.54
7743.62
11218.8
14538.5
17610.8
20178.9
21913.2
22551.3
22011.8
20421.7
18048
15173
11982.8
8524.56
4752.3
628.843
-3775.17
-8241.03
-12442.7
-16046.4
-18816
-20670.8
-21669.2
-21932.7
-21554.2
-20541.7
-18826.4
-16327.2
-13034.1
-9062.82
-4652.41
-105.092
4298.24
8364.47
12004.9
15198.4
17927.1
20121.1
21646.1
22339.2
22072.8
20813.7
18645.3
15741.6
12310.3
8532.97
4533.6
388.492
-3832.98
-8022.34
-12009.1
-15575.2
-18500.2
-20615.7
-21839.6
-22178
-21693.8
-20462.8
-18540.9
-15959.8
-12750.2
-8978.57
-4774.33
-331.273
4119.14
8350.48
12179.4
15482.1
18185.1
20237.6
21585.7
22162.1
21898.7
20755.3
18748.2
15963.3
12546.4
8675.73
4529.57
264.487
-3987.89
-8107.29
-11966
-15417.8
-18304
-20474.6
-21815.3
-22268.4
-21837
-20572.6
-18554.1
-15868.8
-12604.4
-8855.33
-4736.28
-393.365
3995.72
8235.37
12134.7
15529.7
18296.9
20353
21645.3
22139.6
21813.4
20660.1
18699.3
15990.4
12637.9
8786.35
4606.24
274.674
-4039.81
-8184.18
-12019.4
-15414.5
-18243.2
-20386.9
-21745.4
-22250.3
-21876.4
-20645.3
-18620.2
-15894.3
-12579.3
-8797.84
-4681.44
-373.599
3968.03
8173.76
12070.4
15494.4
18305.9
20397.8
21699.5
22173.7
21810.8
20625.2
18654.7
15963.3
12645.6
8827.58
4662.02
319.386
-4024.67
-8200.61
-12052.7
-15442.1
-18247.1
-20363.3
-21706.1
-22215.7
-21864.6
-20662.2
-18656.8
-15932.5
-12601.5
-8796.33
-4661.98
-351.52
3976.58
8160.65
12039.7
15459.8
18283
20396.1
21717.4
22200
21831.3
20630.2
18643.9
15945.9
12634.4
8832.02
4683.26
349.785
-3997.24
-8186.24
-12054.3
-15454.4
-18259.8
-20367.1
-21697.6
-22199.1
-21849.1
-20656.8
-18665.6
-15952.6
-12624.8
-8813.86
-4668.7
-348.625
3982.71
8162.29
12032.1
15443.8
18264.4
20382.5
21714.2
22207.6
21845.2
20643.6
18651.4
15946.2
12630.9
8830.41
4688.47
363.089
-3978.85
-8168.45
-12042.5
-15450.9
-18263
-20372.5
-21700.5
-22197.3
-21843.6
-20651.7
-18665.3
-15959.4
-12638
-8829.75
-4682.78
-357.808
3978.69
8161.01
12030
15438.4
18255.6
20372.7
21707
22205.9
21849.6
20652.4
18661.5
15954.5
12636.2
8833.75
4692.22
369.586
-3968.76
-8544.9
-9823.58
-6337.71
-3998.15
-5419.65
-6038.91
-1891.7
3639.23
4819.07
2220.31
1417.73
4109.23
5816.61
3487.21
625.465
1853.32
5699.85
6987.51
4806.2
3451.79
5174.55
6483.43
3767.75
-873.881
-2803.13
-1826.69
-1992.76
-4825.14
-6886.33
-5378.44
-2699.01
-2759.24
-5028.15
-5665.51
-3701.98
-2391.65
-3790.81
-5350.29
-3882.37
-497.385
1246.34
862.052
1366.51
4156.15
6613.67
6175.3
4296.98
4090.05
5511.96
5701.94
3725.01
2089.48
2728.88
3935.62
3060.54
596.083
-775.369
-483.499
-841.203
-3187.21
-5631.1
-5933.47
-4875.85
-4840.22
-5994.43
-6149.78
-4381.22
-2572.77
-2489.86
-3092.18
-2290.39
-251.859
971.417
769.253
908.808
2663.57
4759.19
5347.11
4798.83
4929.19
6004.99
6327.71
4974.31
3285.52
2785.03
2888.41
1987.37
84.9139
-1215.72
-1266.04
-1365.49
-2663.74
-4349.33
-4952.88
-4618.63
-4751.05
-5686.65
-6128.21
-5192.08
-3780.2
-3143.44
-2975.05
-2033.07
-219.849
1209.55
1590.55
1827.47
2896.36
4294.47
4865.01
4618.87
4653.97
5357.78
5776.76
5117.23
3963.46
3315.95
3033.54
2145.74
480.886
-999.401
-1656.55
-2088.07
-3085.92
-4340.2
-4931.86
-4779.89
-4732.68
-5196.53
-5499.18
-4966.89
-3972.93
-3316.09
-2963.5
-2157.74
-679.215
758.253
1579.28
2163.95
3141.9
4327.07
4983.1
4962.86
4902.52
5191.03
5368.26
4881.25
3966.13
3265.84
2825.42
2066.2
752.03
-600.414
-1495.59
-2167.4
-3115.4
-4240.07
-4954.59
-5072.21
-5053.39
-5244.61
-5335.07
-4875.8
-4009.34
-3253.88
-2708.5
-1946.03
-741.204
535.254
1465.24
2183.49
3086.15
4136.28
4874.42
5100.35
5137.8
5281.93
5324.61
4901.12
4086.39
3293.35
2651.83
1857.66
712.66
-515.74
-1475.65
-2231.17
-3092.45
-4064.49
-4794.62
-5088.66
-5169.89
-5284.72
-5297.41
-4912.64
-4156.95
-3353.28
-2642.29
-1814.06
-702.326
498.429
1491.33
2288.8
3127.09
4034.43
4743.43
5076.19
5183.98
5271.06
5254.63
4898.87
4198.77
3402.78
2649.04
1796.94
710.481
-468.863
-1491.2
-2332.54
-3166.21
-4029.21
-4719
-5076.91
-5201.97
-5262.25
-5213.64
-4871.93
-4214.68
-3431.62
-2651.73
-1785.01
-722.299
434.193
1475.74
2355.06
3193.94
4029.21
4706.39
5085.4
5226.55
5265.94
5186.33
4847.14
4218.69
3446.05
2647
1769.01
726.917
-405.604
-1455.62
-2362.81
-3208.63
-4025.3
-4694.06
-5092.02
-5250.67
-5277.71
-5172.99
-4831.32
-4221.83
-3456.07
-2640.48
-1750.68
-723.255
387.739
1439.4
2365.39
3216.37
4018.26
4679.24
5092.34
5268.27
5290.11
5167.49
4822.88
4227.31
3467.03
2637.44
1735.07
715.948
-378.357
-1429.15
-2368.27
-3222.94
-4012.2
-4664.56
-5087.8
-5278.43
-5298.99
-5164.05
-4817.36
-4233.35
-3478.95
-2638.93
-1724.83
-709.498
372.896
1422.65
2372.03
3230.31
4009.43
4652.98
5081.97
5283.76
5304.35
5160.33
4811.88
4237.54
3489.64
2642.98
1719.34
705.553
-368.254
-1417.16
-2375.12
-3237.62
-4009.57
-4645.3
-5077.25
-5287.18
-5308.03
-5156.69
-4806.05
-4239.19
-3497.65
-2647.25
-1716.5
-703.461
363.658
1411.47
2376.38
3243.46
4010.92
4640.48
5074.06
5290.18
5311.48
5154.12
4800.77
4239.15
3503.06
2650.65
1714.6
702
-359.607
-1405.81
-2375.9
-3247.28
-4012.13
-4637.07
-5071.73
-5292.87
-5315.06
-5153.02
-4796.81
-4238.58
-3506.82
-2653.22
-1713.05
-700.51
356.612
1400.83
2374.49
3249.47
4012.78
4634.21
5069.55
5294.88
5318.41
5153.02
4794.23
4238.2
3509.81
2655.48
1711.93
699.02
-354.663
-1396.87
-2372.88
-3250.73
-4013.06
-4631.67
-5067.32
-5296.02
-5321.12
-5153.52
-4792.64
-4238.12
-3512.43
-2657.75
-1711.45
-697.831
353.38
1393.81
2371.4
3251.53
4013.27
4629.59
5065.17
5296.47
5323.12
5154.09
4791.58
4238.15
3514.73
2660.04
1711.6
697.138
-352.363
-1391.33
-2370.02
-3252.05
-4013.53
-4628.02
-5063.31
-5296.52
-5324.56
-5154.62
-4790.82
-4238.15
-3516.64
-2662.22
-1712.2
-696.923
351.393
1389.17
2368.65
3252.28
4013.78
4626.89
5061.8
5296.42
5325.66
5155.13
4790.28
4238.12
3518.16
2664.16
1713.04
697.047
-350.426
-1387.21
-2367.23
-3252.2
-4013.91
-4626.04
-5060.59
-5296.28
-5326.55
-5155.68
-4789.99
-4238.12
-3519.38
-2665.87
-1713.97
-697.379
349.49
1385.45
2365.79
3251.84
4013.88
4625.34
5059.59
5296.11
5327.29
5156.28
4789.93
4238.21
3520.43
2667.38
1714.95
697.848
-348.604
-1383.87
-2364.39
-3251.29
-4013.69
-4624.7
-5058.72
-5295.88
-5327.88
-5156.88
-4790.06
-4238.42
-3521.38
-2668.77
-1715.97
-698.434
347.75
1382.46
2363.05
3250.62
4013.38
4624.12
5057.95
5295.62
5328.32
5157.45
4790.31
4238.72
3522.28
2670.08
1717.04
699.134
-346.896
-1381.18
-2361.79
-3249.89
-4013
-4623.57
-5057.27
-5295.33
-5328.65
-5157.98
-4790.64
-4239.1
-3523.14
-2671.31
-1718.14
-699.935
346.017
1379.98
2360.59
3249.12
4012.56
4623.06
5056.67
5295.05
5328.9
5158.45
4791.02
4239.52
3523.96
2672.48
1719.25
700.816
-345.106
-1378.83
-2359.44
-3248.31
-4012.06
-4622.58
-5056.14
-5294.79
-5329.09
-5158.89
-4791.43
-4239.99
-3524.75
-2673.58
-1720.36
-701.753
344.168
1377.71
2358.31
3247.47
4011.52
4622.1
5055.66
5294.54
5329.25
