146.969
144.146
135.783
122.204
103.928
81.6595
56.253
28.685
0.014775
-28.656
-56.2257
-81.6349
-103.907
-122.187
-135.772
-144.14
-146.969
-144.152
-135.795
-122.22
-103.949
-81.6841
-56.2803
-28.714
-0.0443249
28.627
56.1984
81.6104
103.886
122.171
135.761
144.134
146.969
144.157
135.806
122.236
103.97
81.7086
56.3076
28.7429
0.0738749
-28.598
-56.1711
-81.5858
-103.866
-122.154
-135.749
-144.128
-146.969
-144.163
-135.817
-122.253
-103.991
-81.7332
-56.3349
-28.7719
-0.103425
28.569
56.1438
81.5612
103.845
122.138
135.738
144.123
146.969
144.169
135.829
122.269
104.012
81.7577
56.3622
28.8009
0.132975
-28.5401
-56.1165
-81.5366
-103.824
-122.122
-135.727
-144.117
-146.969
-144.175
-135.84
-122.286
-104.033
-81.7823
-56.3895
-28.8299
-0.162525
28.5111
56.0891
81.512
103.803
122.105
135.715
144.111
146.969
144.18
135.851
122.302
104.054
81.8068
56.4167
28.8589
0.192075
-28.4821
-56.0618
-81.4874
-103.782
-122.089
-135.704
-144.105
-146.969
-144.186
-135.862
-122.318
-104.074
-81.8314
-56.444
-28.8878
-0.221625
28.4531
56.0345
81.4628
103.761
122.072
135.693
144.099
146.969
144.192
135.874
122.335
104.095
81.8559
56.4713
28.9168
0.251174
-28.4241
-56.0072
-81.4382
-103.74
-122.056
-135.681
-144.094
-146.969
-144.197
-135.885
-122.351
-104.116
-81.8805
-56.4986
-28.9458
-0.280724
28.3951
55.9799
81.4136
103.719
122.039
135.67
144.088
146.969
144.203
135.896
122.368
104.137
81.905
56.5259
28.9747
0.310274
-28.3661
-55.9526
-81.389
-103.698
-122.023
-135.659
-144.082
-146.969
-144.209
-135.907
-122.384
-104.158
-81.9296
-56.5531
-29.0037
-0.339824
28.3371
55.9252
81.3644
103.677
122.006
135.647
144.076
146.969
144.215
135.919
122.4
104.179
81.9541
56.5804
29.0327
0.369374
-28.3081
-55.8979
-81.3398
-103.656
-121.99
-135.636
-144.07
-146.969
-144.22
-135.93
-122.417
-104.2
-81.9786
-56.6077
-29.0616
-0.398924
28.2791
55.8706
81.3152
103.635
121.973
135.625
144.064
146.969
144.226
135.941
122.433
104.22
82.0031
56.635
29.0906
0.428474
-28.2501
-55.8432
-81.2906
-103.614
-121.957
-135.613
-144.059
-146.969
-144.232
-135.952
-122.449
-104.241
-82.0277
-56.6622
-29.1196
-0.458023
28.2211
55.8159
81.266
103.593
121.94
135.602
144.053
146.969
144.237
135.964
122.466
104.262
82.0522
56.6895
29.1485
0.487573
-28.1921
-55.7886
-81.2413
-103.572
-121.924
-135.59
-144.047
-146.969
-144.243
-135.975
-122.482
-104.283
-82.0767
-56.7168
-29.1775
-0.517123
28.1631
55.7612
81.2167
103.551
121.907
135.579
144.041
146.968
144.249
135.986
122.498
104.304
82.1012
56.744
29.2065
0.546673
-28.1341
-55.7339
-81.1921
-103.531
-121.891
-135.568
-144.035
-146.968
-144.254
-135.997
-122.515
-104.325
-82.1257
-56.7713
-29.2354
-0.576223
28.1051
55.7065
81.1675
103.51
121.874
135.556
144.029
146.968
144.26
136.008
122.531
104.345
82.1502
56.7985
29.2644
0.605772
-28.0761
-55.6792
-81.1428
-103.489
-121.858
-135.545
-144.023
-146.968
-144.266
-136.02
-122.547
-104.366
-82.1747
-56.8258
-29.2933
-0.635322
28.0471
55.6518
81.1182
103.468
121.841
135.533
144.018
146.968
144.271
136.031
122.564
104.387
82.1992
56.853
29.3223
0.664872
-28.0181
-55.6245
-81.0935
-103.447
-121.825
-135.522
-144.012
-146.968
-144.277
-136.042
-122.58
-104.408
-82.2237
-56.8803
-29.3513
-0.694421
27.9891
55.5971
81.0689
103.426
121.808
135.51
144.006
146.968
144.282
136.053
122.596
104.429
82.2482
56.9075
29.3802
0.723971
-27.9601
-55.5698
-81.0442
-103.405
-121.792
-135.499
-144
-146.968
-144.288
-136.064
-122.613
-104.449
-82.2727
-56.9348
-29.4092
-0.75352
27.9311
55.5424
81.0196
103.384
121.775
135.488
143.994
146.967
144.294
136.076
122.629
104.47
82.2972
56.962
29.4381
0.78307
-27.9021
-55.5151
-80.9949
-103.363
-121.759
-135.476
-143.988
-146.967
-144.299
-136.087
-122.645
-104.491
-82.3216
-56.9892
-29.4671
-0.812619
27.873
55.4877
80.9703
103.342
121.742
135.465
143.982
146.967
144.305
136.098
122.661
104.512
82.3461
57.0165
29.496
0.842169
-27.844
-55.4603
-80.9456
-103.321
-121.726
-135.453
-143.976
-146.967
-144.31
-136.109
-122.678
-104.532
-82.3706
-57.0437
-29.525
-0.871718
27.815
55.433
80.9209
103.3
121.709
135.442
143.97
146.967
144.316
136.12
122.694
104.553
82.3951
57.0709
29.5539
0.901268
-27.786
-55.4056
-80.8963
-103.279
-121.692
-135.43
-143.964
-146.967
-144.322
-136.131
-122.71
-104.574
-82.4195
-57.0982
-29.5829
-0.930817
27.757
55.3782
80.8716
103.258
121.676
135.419
143.958
146.966
144.327
136.142
122.726
104.595
82.444
57.1254
29.6118
0.960366
-27.728
-55.3509
-80.8469
-103.236
-121.659
-135.407
-143.952
-146.966
-144.333
-136.154
-122.743
-104.615
-82.4685
-57.1526
-29.6407
-0.989916
27.6989
55.3235
80.8223
103.215
121.643
135.396
143.946
146.966
144.338
136.165
122.759
104.636
82.4929
57.1799
29.6697
1.01947
-27.6699
-55.2961
-80.7976
-103.194
-121.626
-135.384
-143.94
-146.966
-144.344
-136.176
-122.775
-104.657
-82.5174
-57.2071
-29.6986
-1.04901
27.6409
55.2687
80.7729
103.173
121.609
135.373
143.934
146.966
144.35
136.187
122.791
104.678
82.5418
57.2343
29.7276
1.07856
-27.6119
-55.2413
-80.7482
-103.152
-121.593
-135.361
-143.928
-146.965
-144.355
-136.198
-122.808
-104.698
-82.5663
-57.2615
-29.7565
-1.10811
27.5829
55.214
80.7235
103.131
121.576
135.35
143.923
146.965
144.361
136.209
122.824
104.719
82.5907
57.2887
29.7854
1.13766
-27.5538
-55.1866
-80.6988
-103.11
-121.56
-135.338
-143.917
-146.965
-144.366
-136.22
-122.84
-104.74
-82.6152
-57.3159
-29.8144
-1.16721
27.5248
55.1592
80.6741
103.089
121.543
135.327
143.911
146.965
144.372
136.231
122.856
104.761
82.6396
57.3431
29.8433
1.19676
-27.4958
-55.1318
-80.6494
-103.068
-121.526
-135.315
-143.905
-146.964
-144.377
-136.242
-122.873
-104.781
-82.664
-57.3703
-29.8722
-1.22631
27.4667
55.1044
80.6247
103.047
121.51
135.304
143.899
146.964
144.383
136.253
122.889
104.802
82.6885
57.3976
29.9012
1.25586
-27.4377
-55.077
-80.6
-103.026
-121.493
-135.292
-143.893
-146.964
-144.388
-136.265
-122.905
-104.823
-82.7129
-57.4248
-29.9301
-1.28541
27.4087
55.0496
80.5753
103.005
121.477
135.281
143.886
146.964
144.394
136.276
122.921
104.844
82.7373
57.452
29.959
1.31496
-27.3797
-55.0222
-80.5506
-102.984
-121.46
-135.269
-143.88
-146.963
-144.399
-136.287
-122.937
-104.864
-82.7617
-57.4792
-29.988
-1.3445
27.3506
54.9948
80.5258
102.963
121.443
135.257
143.874
146.963
144.405
136.298
122.954
104.885
82.7862
57.5064
30.0169
1.37405
-27.3216
-54.9674
-80.5011
-102.942
-121.427
-135.246
-143.868
-146.963
-144.41
-136.309
-122.97
-104.906
-82.8106
-57.5335
-30.0458
-1.4036
27.2926
54.94
80.4764
102.921
121.41
135.234
143.862
146.963
144.416
136.32
122.986
104.926
82.835
57.5607
30.0747
1.43315
-27.2635
-54.9126
-80.4517
-102.899
-121.393
-135.223
-143.856
-146.962
-144.421
-136.331
-123.002
-104.947
-82.8594
-57.5879
-30.1037
-1.4627
27.2345
54.8852
80.4269
102.878
121.377
135.211
143.85
146.962
144.427
136.342
123.018
104.968
82.8838
57.6151
30.1326
1.49225
-27.2054
-54.8578
-80.4022
-102.857
-121.36
-135.2
-143.844
-146.962
-144.432
-136.353
-123.034
-104.988
-82.9082
-57.6423
-30.1615
-1.5218
27.1764
54.8304
80.3775
102.836
121.343
135.188
143.838
146.961
144.438
136.364
123.051
105.009
82.9326
57.6695
30.1904
1.55134
-27.1474
-54.8029
-80.3527
-102.815
-121.327
-135.176
-143.832
-146.961
-144.443
-136.375
-123.067
-105.03
-82.957
-57.6967
-30.2194
-1.58089
27.1183
54.7755
80.328
102.794
121.31
135.165
143.826
146.961
144.449
136.386
123.083
105.05
82.9814
57.7238
30.2483
1.61044
-27.0893
-54.7481
-80.3032
-102.773
-121.293
-135.153
-143.82
-146.96
-144.454
-136.397
-123.099
-105.071
-83.0058
-57.751
-30.2772
-1.63999
27.0602
54.7207
80.2785
102.752
121.277
135.142
143.814
146.96
144.459
136.408
123.115
105.092
83.0301
57.7782
30.3061
1.66954
-27.0312
-54.6932
-80.2537
-102.731
-121.26
-135.13
-143.808
-146.96
-144.465
-136.419
-123.131
-105.112
-83.0545
-57.8053
-30.335
-1.69908
27.0021
54.6658
80.229
102.709
121.243
135.118
143.802
146.959
144.47
136.43
123.147
105.133
83.0789
57.8325
30.3639
1.72863
-26.9731
-54.6384
-80.2042
-102.688
-121.227
-135.107
-143.796
-146.959
-144.476
-136.441
-123.164
-105.154
-83.1033
-57.8597
-30.3928
-1.75818
26.944
54.6109
80.1795
102.667
121.21
135.095
143.789