377221
369974
348511
313656
266749
209593
144383
73624.8
37.9224
-73550.4
-144313
-209530
-266696
-313614
-348482
-369959
-377221
-369989
-348540
-313698
-266803
-209656
-144453
-73699.2
-113.767
73476
144243
209467
266642
313572
348453
369945
377221
370004
348569
313740
266856
209719
144523
73773.6
189.612
-73401.6
-144172
-209403
-266588
-313530
-348424
-369930
-377221
-370018
-348598
-313782
-266910
-209782
-144593
-73847.9
-265.457
73327.2
144102
209340
266535
313487
348395
369915
377221
370033
348627
313824
266964
209845
144663
73922.3
341.302
-73252.8
-144032
-209277
-266481
-313445
-348366
-369900
-377221
-370048
-348656
-313867
-267017
-209908
-144733
-73996.7
-417.147
73178.4
143962
209214
266427
313403
348336
369885
377221
370063
348685
313909
267071
209971
144803
74071.1
492.991
-73104
-143892
-209151
-266374
-313361
-348307
-369870
-377221
-370077
-348714
-313951
-267124
-210034
-144873
-74145.4
-568.836
73029.6
143822
209088
266320
313319
348278
369855
377221
370092
348742
313993
267178
210097
144943
74219.8
644.681
-72955.2
-143752
-209025
-266266
-313276
-348249
-369840
-377221
-370107
-348771
-314035
-267231
-210160
-145013
-74294.1
-720.526
72880.8
143682
208962
266212
313234
348220
369825
377221
370121
348800
314077
267285
210223
145083
74368.5
796.37
-72806.4
-143612
-208899
-266159
-313192
-348191
-369810
-377220
-370136
-348829
-314119
-267338
-210286
-145153
-74442.9
-872.215
72731.9
143541
208835
266105
313150
348162
369796
377220
370151
348858
314161
267392
210349
145223
74517.2
948.06
-72657.5
-143471
-208772
-266051
-313107
-348132
-369781
-377220
-370165
-348887
-314203
-267445
-210412
-145293
-74591.6
-1023.9
72583.1
143401
208709
265997
313065
348103
369766
377220
370180
348916
314245
267499
210475
145363
74665.9
1099.75
-72508.7
-143331
-208646
-265944
-313023
-348074
-369751
-377220
-370194
-348945
-314287
-267552
-210538
-145433
-74740.2
-1175.59
72434.2
143261
208583
265890
312980
348045
369736
377219
370209
348973
314329
267606
210601
145503
74814.6
1251.44
-72359.8
-143191
-208519
-265836
-312938
-348015
-369720
-377219
-370224
-349002
-314370
-267659
-210664
-145573
-74888.9
-1327.28
72285.4
143120
208456
265782
312896
347986
369705
377219
370238
349031
314412
267713
210726
145643
74963.3
1403.13
-72210.9
-143050
-208393
-265728
-312853
-347957
-369690
-377219
-370253
-349060
-314454
-267766
-210789
-145713
-75037.6
-1478.97
72136.5
142980
208330
265675
312811
347928
369675
377218
370267
349088
314496
267820
210852
145783
75111.9
1554.82
-72062
-142910
-208267
-265621
-312768
-347898
-369660
-377218
-370282
-349117
-314538
-267873
-210915
-145853
-75186.2
-1630.66
71987.6
142840
208203
265567
312726
347869
369645
377218
370296
349146
314580
267926
210978
145923
75260.6
1706.5
-71913.1
-142770
-208140
-265513
-312684
-347840
-369630
-377217
-370310
-349175
-314622
-267980
-211041
-145993
-75334.9
-1782.35
71838.7
142699
208077
265459
312641
347810
369615
377217
370325
349203
314664
268033
211104
146063
75409.2
1858.19
-71764.2
-142629
-208014
-265405
-312599
-347781
-369600
-377217
-370339
-349232
-314705
-268087
-211167
-146133
-75483.5
-1934.04
71689.8
142559
207950
265351
312556
347751
369584
377216
370354
349261
314747
268140
211229
146202
75557.8
2009.88
-71615.3
-142489
-207887
-265297
-312514
-347722
-369569
-377216
-370368
-349289
-314789
-268193
-211292
-146272
-75632.1
-2085.72
71540.8
142418
207824
265243
312471
347693
369554
377215
370383
349318
314831
268247
211355
146342
75706.4
2161.57
-71466.4
-142348
-207760
-265190
-312429
-347663
-369539
-377215
-370397
-349346
-314873
-268300
-211418
-146412
-75780.7
-2237.41
71391.9
142278
207697
265136
312386
347634
369524
377215
370411
349375
314914
268353
211481
146482
75855
2313.25
-71317.4
-142208
-207634
-265082
-312344
-347604
-369508
-377214
-370426
-349404
-314956
-268406
-211543
-146552
-75929.3
-2389.1
71242.9
142137
207570
265028
312301
347575
369493
377214
370440
349432
314998
268460
211606
146622
76003.6
2464.94
-71168.4
-142067
-207507
-264974
-312259
-347545
-369478
-377213
-370454
-349461
-315040
-268513
-211669
-146692
-76077.9
-2540.78
71094
141997
207444
264920
312216
347516
369462
377213
370469
349489
315081
268566
211732
146762
76152.2
2616.63
-71019.5
-141927
-207380
-264866
-312174
-347486
-369447
-377212
-370483
-349518
-315123
-268620
-211795
-146832
-76226.5
-2692.47
70945
141856
207317
264812
312131
347457
369432
377212
370497
349546
315165
268673
211857
146901
76300.7
2768.31
-70870.5
-141786
-207254
-264758
-312088
-347427
-369416
-377211
-370511
-349575
-315206
-268726
-211920
-146971
-76375
-2844.16
70796
141716
207190
264704
312046
347398
369401
377210
370526
349603
315248
268779
211983
147041
76449.3
2920
-70721.5
-141646
-207127
-264650
-312003
-347368
-369386
-377210
-370540
-349632
-315290
-268832
-212046
-147111
-76523.6
-2995.84
70647
141575
207064
264596
311961
347339
369370
377209
370554
349660
315331
268886
212108
147181
76597.8
3071.68
-70572.5
-141505
-207000
-264541
-311918
-347309
-369355
-377209
-370568
-349689
-315373
-268939
-212171
-147251
-76672.1
-3147.53
70498
141435
206937
264487
311875
347279
369340
377208
370582
349717
315414
268992
212234
147320
76746.4
3223.37
-70423.5
-141364
-206873
-264433
-311833
-347250
-369324
-377207
-370597
-349746
-315456
-269045
-212296
-147390
-76820.6
-3299.21
70349
141294
206810
264379
311790
347220
369309
377207
370611
349774
315498
269098
212359
147460
76894.9
3375.05
-70274.4
-141224
-206746
-264325
-311747
-347190
-369293
-377206
-370625
-349803
-315539
-269152
-212422
-147530
-76969.1
-3450.89
70199.9
141153
206683
264271
311704
347161
369278
377205
370639
349831
315581
269205
212484
147600
77043.4
3526.73
-70125.4
-141083
-206620
-264217
-311662
-347131
-369262
-377205
-370653
-349859
-315622
-269258
-212547
-147669
-77117.6
-3602.58
70050.9
141013
206556
264163
311619
347101
369247
377204
370667
349888
315664
269311
212610
147739
77191.8
3678.42
-69976.4
-140942
-206493
-264109
-311576
-347072
-369231
-377203
-370681
-349916
-315705
-269364
-212672
-147809
-77266.1
-3754.26
69901.8
140872
206429
264054
311534
347042
369216
377202
370695
349944
315747
269417
212735
147879
77340.3
3830.1
-69827.3
-140802
-206366
-264000
-311491
-347012
-369200
-377202
-370709
-349973
-315788
-269470
-212798
-147949
-77414.6
-3905.94
69752.8
140731
206302
263946
311448
346983
369185
377201
370723
350001
315830
269523
212860
148018
77488.8
3981.78
-69678.2
-140661
-206239
-263892
-311405
-346953
-369169
-377200
-370737
-350029
-315871
-269576
-212923
-148088
-77563
-4057.62
69603.7
140590
206175
263838
311362
346923
369153
377199
370751
350057
315913
269629
212986
148158
77637.2
4133.46
-69529.1
-140520
-206112
-263783
-311320
-346893
-369138
-377198
-370765
-350086
-315954
-269682
-213048
-148228
-77711.5
-4209.3
69454.6
140450
206048
263729
311277
346863
369122
377198
370779
350114
315996
269735
213111
148297
77785.7
4285.14
-69380
-140379
-205985
-263675
-311234
-346834
-369106
-377197
-370793
-350142
-316037
-269788
-213173
-148367
-77859.9
-4360.98
69305.5
140309
205921
263621
311191
346804
369091
377196
370807
350170
316078
269841
213236
148437
77934.1
4436.82
-69230.9
-140239
-205858
-263566
-311148
-346774
-369075
-377195
-370821
-350199
-316120
-269894
-213298
-148506
-78008.3
-4512.66
69156.4
140168
205794
263512
311105
346744
369060
377194
